9384 7 778 916 794 336 387 493 650
1422 3 28 691 60
7764 7 541 427 173 737 212 369 568
6430 3 531 863 124
4068 6 930 803 23 59 70 168
1394 7 12 43 230 374 422 920 785
8538 9 325 316 371 414 527 92 981 957 874
6863 1 997
7282 6 926 85 328 337 506 847
1730 4 858 125 896 583
546 5 368 435 365 44 751
1088 9 277 179 789 585 404 652 755 400 933
5061 7 369 740 13 227 587 95 540
796 1 435
379 8 602 98 903 318 493 653 757 302
281 7 442 866 690 445 620 441 730
8032 8 98 772 482 676 710 928 568 857
9498 4 587 966 307 684
6220 5 529 872 733 830 504
20 1 369
9709 6 341 150 797 724 619 246
2847 2 922 556
2380 9 765 229 842 351 194 501 35 765 125
4915 8 857 744 492 228 366 860 937 433
2552 8 229 276 408 475 122 859 396 30
1238 6 794 819 429 144 12 929
9530 7 405 444 764 614 539 607 841
2905 9 129 689 370 918 918 997 325 744 471
2184 1 500
9773 6 645 591 506 140 955 787
7670 3 543 465 198
9508 6 805 349 612 623 829 300
7344 7 569 341 423 312 811 606 802
5662 1 879
1306 1 737
9445 7 523 466 709 417 283 259 925
7638 3 625 601 37
3453 10 380 551 469 72 974 132 882 931 934 895
8661 4 200 982 900 997
2960 4 814 669 191 96
2927 7 85 341 91 685 377 543 937
9108 6 757 180 419 888 413 349
2173 10 10 337 211 343 588 207 302 714 373 322
1256 10 600 722 905 940 812 941 668 706 229 128
9151 5 659 921 225 423 270
1397 2 631 85
9293 3 673 851 626
5386 3 300 641 43
3899 4 299 191 525 591
8210 2 820 337
7733 6 995 5 380 770 274 777
8851 6 861 143 580 885 994 206
7622 8 505 614 962 755 327 260 945 203
3203 7 785 22 843 869 529 190 873
9909 9 499 37 809 754 249 304 334 134 649
2891 5 568 747 369 530 501
8047 9 798 250 991 304 34 364 498 254 893
7687 6 153 997 976 189 158 730
5437 1 415
3922 1 305
29 8 51 749 557 903 795 698 700 44
1040 3 429 404 501
682 8 539 160 152 536 135 340 693 216
6128 5 630 50 965 286 430
5344 6 178 901 239 972 950 290
5368 9 293 796 744 145 830 391 683 341 542
570 7 233 262 43 361 118 24 762
82 10 191 426 997 368 678 235 691 627 525 58
9615 9 206 359 313 387 101 347 727 995 917
6553 9 530 947 291 648 971 52 81 632 594
858 8 313 887 215 356 513 91 413 480
9611 10 190 275 356 642 621 434 988 889 339 567
7771 5 857 418 607 261 850
238 6 60 218 519 946 784 874
8459 4 638 290 484 608
479 8 315 472 730 101 460 619 439 26
1389 5 234 158 682 494 359
271 10 418 840 570 364 623 795 174 848 432 463
6683 1 293
5792 8 116 522 158 575 492 948 952 232
5022 8 741 55 31 99 326 82 517 517
3003 2 140 797
5405 9 581 219 22 971 863 813 380 978 686
1537 5 177 484 208 760 858
9745 10 912 128 951 237 561 819 106 564 50 245
8712 6 935 292 376 956 615 590
3769 4 919 806 883 823
6983 8 31 94 575 127 594 487 254 544
3075 5 714 180 378 763 776
7089 10 711 733 295 18 347 236 138 692 154 944
2574 9 926 292 711 19 218 837 964 56 91
3859 1 905
8572 2 634 686
4790 4 605 852 806 251
7869 4 486 7 196 640
2950 1 968
227 4 678 597 982 866
7561 7 956 771 519 212 343 533 197
2380 2 271 985
4173 8 235 41 284 73 399 831 64 348
#
